119 792.6947772206136
365 -1517.8245538900553
361 -1569.679706787273
419 -1120.8803137712657
340 -1385.2572401318023
362 -1607.736929024889
340 -1044.3788324807863
352 -1441.6775453398186
346 -1250.347995866875
349 -1413.098673077127
348 -1542.3664906125275
351 -1092.9632479975621
380 -1655.9808882199914
352 -1228.5633668280152
345 -1252.6540378317356
346 -1218.8953998888953
340 -1032.3312804285772
421 -1449.0004003538695
499 -2058.4160126009283
430 -1480.591533914407
354 -981.7261285522528
369 -1395.8936066193244
342 -1257.1415945177494
347 -1153.0653183183701
453 -1606.754114972576
367 -1323.2225716065705
358 -1284.9729892632236
359 -1009.8602668042638
339 -1249.1784556654575
341 -1127.3241542636824
380 -1258.4171133565471
413 -1356.966861190161
427 -1218.5837117405715
361 -1318.2074246080201
371 -1164.4573076490055
348 -988.4876232941965
359 -834.0536635420783
348 -860.071542932501
341 -928.0483834437124
645 -1124.1602975013293
403 -737.9577788211311
349 -679.4864575724496
346 -604.9205677014276
384 -743.8936935456858
344 -737.1892580649526
432 -661.4468493073201
344 -491.2585829879646
352 -538.3441412458044
348 -589.9055205000759
436 -744.5609717368717
345 -432.0742523511915
355 -692.1720895924009
387 -552.6436378589176
384 -645.2996484969424
354 -487.9350929501327
345 -573.9968065224484
351 -522.0413479490614
369 -771.9556921930839
354 -629.5751221822272
392 -843.8659774860728
352 -851.8302928167027
344 -725.4268907488218
408 -833.0397502282652
423 -893.1843109380751
347 -703.2146452173356
353 -748.4423543559645
344 -937.5400027497301
375 -837.8489014321469
385 -706.748452321201
381 -895.6310369256624
364 -502.2662477407176
348 -753.4760605012317
359 -657.0103032203044
343 -643.8130710117765
409 -737.958833095532
355 -535.8423806490275
341 -628.075725414206
365 -829.3890625907428
350 -973.3622903325003
374 -927.7017794466618
341 -755.0907496543508
359 -1081.8531897672824
361 -1067.7532880837707
348 -834.7980326988177
340 -561.6373329417106
366 -413.9371868411135
342 -450.217067391994
350 -524.4562757945225
351 -700.6521122862099
366 -664.0052546156211
395 -671.0110444036346
340 -577.9867928792687
342 -612.5349557215782
365 -245.57870345800603
361 -276.60618150659286
343 -377.090735803462
343 -192.7306989927405
422 -465.36250893343566
350 -380.71369803732716
350 -352.90691180527125
412 -451.5601587984252
343 -359.9199547685723
379 -446.34464248404123
355 -199.9343015444864
355 -300.465734318812
355 -328.22445617841004
347 -579.0480702181037
567 -533.0804781582716
398 -190.04052545420828
412 -517.5584383521153
555 -530.7621736265829
415 -242.62687453718522
367 -281.0264313709613
383 -175.78388608570054
517 -251.59495572252055
339 -238.8613551247757
350 -441.88761578747835
401 -45.035895947839926
362 61.846542704492265
344 46.222103585141326
348 -205.00993892472644
340 -58.144797977244586
344 81.78799260284575
342 67.16707722330366
364 250.85586739031618
394 274.04110902611677
343 70.71212878445093
370 -134.09939286304893
378 -160.4616361564372
356 74.56742606084902
362 59.62502892322536
403 118.60616553615102
341 127.01528379902439
377 233.54798534400453
377 282.1869329828897
342 -10.434782003323164
344 153.986484484805
379 246.3550192523728
339 173.219442574948
354 197.5130117825547
352 252.8119762254206
370 279.16532240539465
342 227.3901438682804
398 -227.089764727562
340 82.74170370014039
344 196.38010021382792
373 185.27749798353977
339 86.81786732889302
355 -101.21446607543446
343 120.02368607435008
371 -214.1345961072874
340 -126.72927129822611
392 -370.4861839680751
514 -262.92769152926076
374 -49.869267475421296
476 -614.0877254773478
454 -467.6119566178746
353 -42.108248133516156
360 -245.46656498182287
338 498.54289679355276
345 -112.26250843148583
348 -153.22273588499183
366 250.28916635236044
367 187.8271442097393
402 -170.26111660657813
340 36.63965265091207
346 -152.85470438074165
341 169.441843908439
345 -117.45085468632976
359 256.84422738048346
368 214.02703440669308
342 7.585573291042351
365 14.798145703221323
592 -263.1622605995699
382 -221.1592177417079
340 -36.00962699037785
523 -573.3218801047904
416 -268.08604649324286
361 1.4069799174433228
507 -466.28480544596573
346 79.42472389086234
377 -42.393706382477966
362 208.97548063234944
373 -38.50380054894072
346 193.74111319468733
364 182.2728282396127
361 163.04167252904534
444 -331.7862472614604
344 38.033644167082315
342 55.597147311706976
344 129.32454774424343
364 -34.99233625284515
340 44.073563968127274
350 -41.53492242353398
349 -151.2315593491736
354 134.1242362565901
364 326.48581343609914
342 -26.072532815608326
358 -125.16087437471175
377 -193.5543247231713
368 123.38819301721568
372 -210.58688135544662
354 25.984054375855507
340 -106.23573028864911
361 -341.9490088208245
347 -43.43975569842179
354 -310.1462686115197
487 -433.9173412451366
353 94.71313923277768
357 -86.18403713864723
350 380.79914570660424
353 -182.33853708634302
380 -373.82651069936105
342 -49.01162552302653
458 -361.8527979327152
344 -67.68126057759126
358 200.23057882511017
436 -575.9083505511649
346 133.74834189776345
348 -191.434856625277
342 101.85656510957782
684 -1184.691242018603
343 -79.80818827860489
373 -267.80206668719
348 -78.7119760435399
348 -249.8409065865558
341 -121.14082582870647
342 -238.16822347469994
343 193.4802549150267
341 165.38822364313762
514 -296.79205224118493
360 99.29401383855816
997 -784.3578324894106
347 -251.22356834946356
476 -104.42904990756037
340 -228.46911591983505
415 -453.59231075406115
339 -151.24769991345084
355 -407.88491499292417
352 -274.4174311117986
341 -237.5641309919511
357 -249.07572070981175
341 85.82541338304421
354 -257.86160263908016
375 38.60490507005284
345 -101.16187764554546
383 -130.03612287589914
392 -361.7901497759158
247 482.88927220072924
341 195.3724169178427
358 -148.54758313981782
1001 -1400.2586730613261
460 -361.76614790353034
344 298.21523871259143
343 210.51052981396214
542 -153.97742242421998
367 -243.95235767657852
468 -115.98630711355527
355 -0.17449129552794318
350 -275.0398806110875
345 99.02370280430895
380 -155.30231316393693
428 -386.83849259136184
350 -74.24424199629885
377 -200.47913958499709
348 79.60923224544297
355 -381.9909411174281
360 197.6308757879791
365 -271.3835458247578
357 -332.8837917642554
351 -62.50223027856053
298 597.4843046317703
445 -211.0357042655666
347 281.8193565322975
360 -292.18545246911435
356 -192.26520102726
627 -687.9712469467979
347 -11.36926533724909
356 235.49443425435737
299 467.62655961637046
459 -268.3195810042847
311 411.72360305084703
345 -149.3923177451515
346 338.3554656028149
426 -219.98312844552086
348 194.60807841771253
348 235.641968042011
343 173.59436359986256
364 -111.03526706444129
377 79.62363887308976
354 -222.0351479579465
362 242.35015900747806
473 -407.83598372367726
1001 -662.2015875691488
348 260.9280568922904
341 276.24380396435555
368 -84.00729150716651
345 310.0139283214975
349 232.77838619935517
644 -338.053696651916
312 441.88813787538805
352 559.9497036771618
460 -196.13462334750773
429 -184.238240184264
350 386.46011106928273
347 398.55178287495147
338 390.0620526717068
341 228.71157918847865
359 84.81732124480357
445 -353.1859397954007
344 316.018276442471
407 -29.37076357626583
288 442.49979917309867
345 290.9235273634594
366 -227.12941760175394
352 -255.91966048702304
344 -79.02956034475548
431 -156.60307817489024
561 -335.60831677531627
297 431.81622911031974
355 -168.68911985440747
341 356.620279616054
305 530.0370025147286
354 281.8786006398235
341 54.5959697718954
346 208.25552357348715
347 -8.961311269067053
356 253.1641312707199
344 -105.41223204843891
288 433.0496247302893
345 608.360536868591
344 304.13594018894804
322 496.0668707730467
340 256.66968696675514
338 604.2970773488647
403 -203.44304769372073
267 498.7284581275718
381 -5.270719393643461
343 578.1025939513938
360 387.58967106459346
409 -56.8956403858698
344 170.85948040268414
344 189.21211030232428
354 122.5251240554793
342 177.67811853113068
339 181.24020090030479
347 160.46644960138758
388 579.5124415135265
361 156.23681295322274
343 213.12943554349886
346 190.90092662837048
347 481.44955428469706
340 186.0362798361391
340 193.0026829745002
638 -515.0883993568801
343 -79.31392015257643
292 431.1820925798243
361 -248.08722761022955
544 -265.76149138011954
342 383.77668049066745
359 377.67664900587414
340 252.46813250201018
342 9.679375437060742
337 555.7493990273417
341 69.30109732430995
340 -153.2174448864435
378 -78.24910007078188
504 -89.8037749959635
322 655.8435108218089
353 185.77449495088973
345 317.2630618420947
251 491.38368940367235
345 -243.62116827831218
282 633.8874941868953
356 -265.0531915697387
356 44.053383287666435
358 132.94606416970626
340 -59.79434963097556
315 638.2000413169657
359 -85.80699560590315
391 -107.41779050455452
461 -184.9201601552794
319 634.7859155949722
412 -74.51065733849985
319 414.30101854776933
343 159.4114744487751
345 311.3932397058422
365 626.0178054811089
345 182.59987180654167
346 352.8136041467558
341 292.05248889188096
338 598.9820567687688
367 85.19184576615524
341 -110.26416247104156
367 -231.75568354328652
366 -297.4182817411762
263 521.3337136858675
431 27.253881177891955
342 -204.31164111820027
244 478.3233594654907
353 -24.30022481410758
350 -3.006309483771787
346 12.247112690755557
347 -251.12427417267713
247 473.6526442748324
340 171.58166953236326
384 -192.89909392076606
391 -258.3455189710089
304 605.0356521149225
287 605.7437709599861
392 -74.727554923925
275 469.41185840856843
340 399.1482877933958
252 489.6155503615972
357 -115.9636485263342
353 39.183262572038814
287 555.0079618168859
309 637.9844245599512
363 -221.9037923665228
379 -108.22245141016658
273 470.9186908405996
345 -176.3418802812162
278 502.08373162726554
276 468.2277195821123
344 -108.00060666037157
283 472.0354217247933
295 426.39648617930476
362 26.658709446614864
321 453.4216828576593
342 207.48300920019784
256 465.98926482800516
302 584.9679792082333
353 -190.83633816622455
343 8.73940133654375
351 145.6231391376407
255 470.8980862089689
387 -192.0363925864766
763 -436.15060030061187
368 -220.6764368298598
342 629.9380969305571
326 524.3116624262
454 -131.1877647459787
343 -175.43270035193748
339 389.4130745317163
283 490.9280906992537
439 -64.92588572508055
302 446.210012512182
341 630.7280598958562
337 604.2044859950761
294 542.318611481361
280 440.3110498204898
301 421.9002615089205
348 281.2790140916578
305 442.4176650800208
1001 -675.059874053437
298 422.88809477519015
460 -57.0535375622974
316 212.00758460904171
296 472.2365279066915
274 464.1267851402012
289 434.13583774063295
315 222.68544587216468
345 288.41406785436806
329 528.2099445489062
341 -24.970473953562205
319 169.0758178792617
372 353.23909916713717
327 496.3053694550907
298 480.98139109593245
344 -71.68284975515934
295 442.3103051590458
308 426.88047239918075
342 41.06729685340079
341 542.4654652353194
383 66.78820490674522
294 431.8399802552111
398 -175.98801634037252
335 559.2651779403325
365 -72.83383328549084
282 439.5022587945643
327 574.340729918478
350 -229.37972726308706
850 -814.7761185110071
548 11.845020908662207
357 620.9584894166985
280 443.0906954160272
340 179.9968546994201
284 442.5874761710835
358 363.0616054141146
313 525.2300155352489
290 437.71729723162326
314 507.00059313519176
340 342.03401836003945
440 -210.47515207270231
345 211.76049685944508
380 -103.6268079231034
350 367.34009032365134
357 38.48562788520718
364 344.46423732809825
339 288.5880411470604
337 419.48978312961196
323 494.32154960795737
314 642.4107202433911
295 427.41379373794314
281 473.61559140157607
342 405.8748946888545
284 465.05595418943585
279 450.4230941832903
276 525.4229304441972
535 -88.48527145297756
264 557.0492889897839
342 113.53938769245215
285 446.89726011510675
351 -204.7717125794078
305 589.5832370917318
301 518.2046660045437
275 628.0359371208053
265 473.6401021472299
341 391.0703277586939
293 674.4876131729525
385 -157.9964753191251
416 -115.87918689486874
235 484.7542767915764
345 -135.23769287380588
343 -113.25806649063747
254 478.20553291276207
415 -116.4082999139972
252 622.6930813446517
361 -181.01213018573443
268 623.0257693799178
361 -118.80162753264756
360 -174.60449679111156
252 583.3403683815197
355 -134.64255245951873
370 -181.3818255224278
262 458.74786235008645
233 521.4215883145341
266 623.081912091566
271 557.1362039425699
953 -666.7647883510573
354 -145.36552784045148
762 -636.34871585475
361 -87.07539560192103
254 469.73205777599395
263 510.9035531910644
356 -128.22446044370733
234 485.3884420056226
247 473.712393401573
378 -52.962797343986715
246 483.7082771728061
382 35.75659972637203
251 674.9125057202806
283 625.4559306268184
403 96.22031199390352
229 529.1206943729643
373 16.25618855200068
238 522.6672608385766
355 -129.38144976590354
253 504.3942402000606
253 554.7352197684972
243 476.40806676694314
366 -29.243048261768166
239 481.93940704060293
374 -9.311761222272935
257 568.9032088033161
259 546.7168717929044
251 548.7625286810153
241 478.21949810890345
325 657.8198240442003
258 580.9771119999008
346 67.76073054860072
230 579.1051019436605
257 654.5693907381674
382 -35.140279578861
232 528.6393051912388
227 599.865963424463
434 -214.31733274499697
218 587.154271749238
237 548.1550015984714
342 225.86127355578373
257 474.2371389539842
357 69.06195310889109
258 603.3261582729399
245 476.38762842671173
366 -23.743731838905404
242 497.61738299375673
306 658.1136533642252
274 696.530764851775
267 574.3132740347032
233 515.0426983318503
258 469.7951190710023
344 -160.51082916704982
438 111.99561420097183
657 -426.9850238846096
238 483.8226913032123
235 539.773953958939
405 -55.26529394553608
370 39.55457888462078
377 -95.58094997644358
260 468.03777763146314
433 95.38498248079156
245 473.342978141915
325 613.7624009261222
269 614.2319042411725
265 514.6177553601719
340 156.60958428120756
247 479.6723343908961
382 -24.09669559052317
251 502.91703031848357
248 513.6504662166142
250 535.7127383174197
278 569.7003944032372
297 689.1645958541549
236 535.1566052032395
264 604.6988122756923
264 499.9613083596
295 628.6142772100395
245 482.02736471637724
277 464.2148913331385
254 513.2397795993943
299 623.7822817998426
257 523.8377010201822
311 676.4666811152277
272 499.8360855866253
265 462.60545868233487
275 446.52843517872316
344 -116.72940783340381
295 634.9538230275017
261 529.112421498994
269 580.8190761206462
265 618.7266001504963
385 -69.87431957358632
318 378.4203693370851
346 -145.5501781627962
271 458.8064526453734
279 452.4926751105423
300 670.825237889881
270 592.2526488726659
266 463.7207378022334
276 520.3458634527285
301 640.9968320964263
258 541.0725183304535
258 465.4143924014472
337 604.7945965298626
262 479.930811302286
258 490.81102059110134
251 591.5238947615319
287 550.6913660622016
261 543.6460791972788
244 476.6094637838364
237 508.81667554178637
282 548.8826357487068
476 -71.22637886821425
256 464.5949026992967
257 462.39622399080355
239 498.61344738771487
236 507.29494854169906
384 -43.626589026525004
349 -107.59531299051328
344 -12.55951183464687
253 575.6338361019125
258 531.4373161604469
347 -103.48821786163123
254 465.8846280126224
246 477.7202278485468
243 477.8632365313019
357 143.7071416245799
344 47.42311105838098
239 515.7731747610467
282 684.9972270819778
269 620.0960515470114
240 605.0393913570545
264 456.3329704623402
233 494.8027612734692
250 499.819557431522
266 721.6398357628002
685 -201.72544211234546
242 487.11802141126805
344 -74.37047439558927
228 496.25875017522407
223 501.2206501685938
377 -43.65808717359407
245 508.4675564926617
250 497.0818571746084
240 524.702209415698
342 2.713403908315641
341 -26.08847474270182
250 613.9852452403842
240 491.7197521994798
239 568.4754262062124
263 470.8935239224145
245 604.1923762155898
227 504.9624140483776
227 513.4213151495401
234 536.095997039628
243 519.8533632101954
373 -97.0987941970645
246 521.7778665817143
265 502.87844097310483
263 618.1107795504035
350 -28.737090527569265
257 541.2708574725983
266 653.1543748461721
243 515.832849910574
366 66.52293711221074
240 484.2646451743369
246 499.7929423474639
343 -12.045781431613634
348 72.92752025339081
345 46.80269845997145
276 655.4614211153681
253 610.4436816698117
254 464.5078340891076
378 15.837038367200932
269 611.9010234755419
265 471.0758925433653
246 543.7348115404704
306 636.073451818419
229 527.5711207675743
349 -116.64014840045947
255 506.5228439217715
232 550.887237135775
250 629.9316904165177
307 647.8723648645561
241 483.47860095044206
232 491.16115012261474
365 18.82121705213018
281 566.1014830917585
361 8.430723581484742
234 487.822770149515
244 580.783880767108
235 529.0099846793805
257 629.5289290727748
352 -1.5876963484939495
211 518.0602658784434
249 609.2257245843642
360 70.19628520875042
263 724.7805587582271
340 21.350999927885866
200 527.7153325441277
223 601.678165275898
142 835.8782253158046
268 676.4734326284571
350 23.155372814246505
343 -3.74150994442482
494 -393.42287796311626
477 -387.76379538093704
255 681.0386827305686
217 533.3393023774462
410 -58.18409010996529
268 686.2634638589908
307 679.5617462877427
243 486.26427757015284
249 473.3774658632727
244 513.6549755824317
259 659.3178018762479
237 530.1757071253676
224 500.6898166803195
229 552.28938302079
256 584.4466663299138
256 608.8614398561014
271 687.0833212612456
538 -231.26314013644384
243 546.1557878785882
275 656.0604144073002
258 484.5838991708989
232 525.8965962333322
248 534.2227788972648
251 520.4044180418589
243 478.6007531596866
234 488.5337879131493
270 701.5012964386358
263 702.213987832517
266 563.3759801716093
263 659.0493787825685
382 -24.407260063447524
244 547.8574639314771
234 506.2032222629485
232 501.3451559577534
256 630.423035034885
238 606.8191065916119
289 697.4900681104241
232 603.4124999863952
234 488.2650762449888
222 557.6739835293788
240 480.4670463725135
223 519.1472819679525
241 659.7736484668785
260 691.1840062337664
245 508.2344926317613
247 655.6231524308239
354 48.96620854165198
232 498.4854785909799
243 551.7994322072784
540 -363.91095750956754
249 718.9768711690656
228 529.4492134326048
475 -192.61250904981227
538 -229.70501906153635
284 700.0051100988122
726 -508.05021885383337
230 498.0568843346918
341 -10.592878871797282
446 12.311029765015107
345 -111.57813720832613
343 -32.178415325534104
382 -61.968446741573636
249 615.5863930621806
237 485.1765761637676
351 -63.41451588837015
433 90.55694012169914
231 634.2268904377335
361 97.16015254988895
226 513.048559035901
342 -18.03572571034151
259 713.8071016788919
257 698.3064205150422
258 664.640554516579
230 488.1157189539001
241 479.0011714236239
228 509.98365599709865
253 520.1596033223261
254 526.536270703104
343 -41.095493542109445
259 621.6685923229978
253 536.7064594616238
314 667.7041401109452
248 473.8412149558902
259 669.7998509262511
272 495.412543008665
249 651.7243552634434
362 126.81480912976147
243 600.6369582846339
242 478.06942249891256
381 110.94924465804067
375 -69.33247408542891
386 111.75278944829108
228 543.3041105868431
255 724.3963994527884
340 15.33512164203563
124 744.963998743743
221 501.84010492024896
216 534.0059023056785
356 81.35264437323139
250 675.7444682548546
402 -55.867887173065924
241 484.2272520996522
230 556.7259250932025
224 610.6892656218954
347 -55.48458011376969
114 669.1951137705403
243 589.764918214024
234 487.7779938364003
239 608.0474437160989
349 -82.01356246912867
223 495.9240354870688
110 715.7940455583112
127 760.6290663893891
239 480.4993090432501
228 509.9626835325459
423 24.13451174044397
134 839.9132813746509
247 610.1341488395637
237 604.0153559530161
218 501.8075952174521
478 -395.70631025725197
229 544.0080453594018
396 157.97394450765023
345 -54.365187263263415
391 -157.98621736296857
348 -104.03508458193022
208 513.0625509586175
228 491.06377260983004
249 512.1620964653301
340 -30.538976277027245
373 68.50570650401195
229 494.768962060089
247 510.8269538841175
237 508.7049723738561
240 479.88479401236606
112 713.62319103439
208 541.3075434389245
353 -85.80010483925861
239 586.0716161321236
224 499.7620140431125
239 480.1957590093782
341 -17.4626060656977
635 -181.58278683308436
340 -47.317440235817
372 52.5074603218371
444 -205.63929053785162
238 509.21056287828134
349 56.68297889070604
226 516.1993947376209
431 105.20517460739089
349 -94.92588713961413
236 483.114556375579
237 489.46296244628013
118 785.4155281657056
345 -28.01924827455855
220 553.0004247835989
257 688.7630026276705
414 46.26635301448428
413 60.29049508121082
126 835.6622498598416
346 36.85132305237883
339 -59.14371913063519
220 596.54330890098
243 484.80256131852803
106 707.2011454559532
354 -156.71776809953562
108 658.5764746214031
236 543.4719210959435
342 -86.36007899414835
341 -61.310350020276765
106 721.5657331567944
206 514.6717773999046
355 4.593474285827654
367 53.26192000872666
99 647.9824889586081
102 692.8043137122659
209 563.2292838546382
255 706.5717497321032
365 -144.8757795528249
217 505.73744290054026
345 -38.164436565066694
246 640.2787338645844
356 68.9488188878758
347 -24.23299521441507
347 -162.59392564870996
342 -64.56169236617237
99 630.7529475829015
97 653.7817163300513
104 626.8883989598534
605 -151.44513645170653
340 -27.206996289460506
214 507.59779044886466
203 544.6792249190651
341 -131.53079390115508
356 -25.09289214788751
858 -560.7714186083163
357 -67.88861230781643
220 511.1069392791147
233 515.9264197198356
398 -72.48961316299221
374 -112.86141929075238
354 -49.89571701724382
365 40.3685804080084
351 -41.84179385893183
341 -47.1339383548173
343 -66.10761013409635
478 18.481310371886195
341 -94.64412784709418
343 -37.95265843667878
355 -104.6864694495
349 -129.5317545149696
380 -53.94616205104357
352 13.952579399753901
352 -131.2365435830542
210 515.4384574223143
373 -167.93333693951627
99 661.025989039555
381 17.85798244720634
372 -73.04616762144487
362 -114.64238972645629
101 647.5996855532329
117 750.0027392294326
209 510.40325203476993
202 525.20226425809
232 526.7547867171966
381 -22.745263996643928
104 639.5483063565454
201 521.4360856336014
352 -71.80211331987718
249 637.2980154444205
340 -17.916956635852927
241 669.1911783995537
346 40.3688818918408
376 79.52202414928593
256 696.4021824574639
217 575.5720896985979
219 501.5470304545186
417 -76.8730651938889
349 44.634097127957745
234 553.8885513232591
383 107.9587470937212
348 -10.50770054398052
253 713.3438840676714
225 503.99788700434027
344 -85.13769383819165
456 -297.7231956193226
227 614.7157200271973
371 -70.36128183655656
345 -65.43769038723624
218 563.4050913653953
133 863.7971352659005
216 579.1044405290173
369 -23.427326362161907
246 635.2074583678498
360 77.94481504550953
340 10.656210287804058
231 490.7090535330512
232 520.8691495946675
340 3.8716400436989034
387 22.030623324197634
239 566.3544294852244
285 663.1434542106605
266 532.4146233409348
262 712.6445325834825
232 518.1571040743509
287 641.5054179137885
259 655.5969039873825
341 -34.38619452135582
250 676.6926291801194
264 684.7368314067146
353 37.37174258571744
242 542.4868486868597
255 718.9959663006576
617 -301.950980221307
260 537.3335025090153
228 525.1422452568444
223 578.179268991893
369 124.37484216536674
245 658.5399441920912
235 529.2848027198164
247 473.58412474990166
143 805.4421576175126
248 617.883033181447
239 483.11623237341615
341 161.05223445555413
379 142.77862763652624
223 495.5305165349838
126 740.932874570319
246 478.92074398498875
383 156.63592763434758
390 23.918073970276552
281 683.3021505419877
248 492.3762352236377
348 -34.195602625433764
230 493.70184377275456
227 496.12451031618633
231 523.5601506097804
135 847.4891861989549
255 496.5568244847058
252 570.3011438961681
241 479.0596444588942
257 697.7208897098969
347 5.056305552743709
219 522.8664546092886
231 549.8098245964359
217 505.0768930137216
229 500.20169079669665
342 -36.71312953364833
342 17.694495899671665
342 -11.976825093590236
124 807.2122671949405
459 -116.59278668291742
410 286.69367466253743
117 763.3236365064391
362 80.15788019447402
378 195.0952241428011
453 158.52297402742488
134 845.6065276901302
218 504.3170291041178
424 277.5097272619003
359 109.53716768837796
393 -30.958682866941984
342 -17.40452206542504
222 523.4267331181796
215 549.3266088054664
286 704.771134573071
357 76.81349319481373
210 511.9001810897395
232 494.99180482552305
225 554.9867895481306
384 33.66181846396438
358 -31.798923386468104
252 678.669799223877
235 543.4494918943556
219 600.3612701220385
211 523.6741941458433
245 510.1073506806027
496 -251.59020542944754
195 539.8777525316709
243 702.448053270531
220 540.2200965233494
220 589.603996077909
212 510.4200707574812
121 700.3595304581071
215 519.5642831060948
241 639.7143300401134
357 -68.00111699343881
223 577.0516362651817
376 158.47418189218445
386 -0.0837986987027648
136 854.2553239016195
250 577.4525165465866
226 493.4256529463563
211 515.393816552845
224 510.14166500762246
253 649.396700112276
348 50.89416710221127
231 493.4401086558966
210 517.7723620018835
224 547.2101437709944
355 112.84949174112856
250 510.166276130423
233 653.4434978081568
235 485.8328752327834
240 481.1230396361877
503 -158.24505710734576
217 537.5509771133361
344 -26.572899640448654
217 610.1130652918291
207 510.8975389765476
359 -15.359178603922715
257 720.7435979190736
201 557.1026655973051
340 43.318258196349774
258 728.1916178885518
363 22.215320899636296
206 545.8954857912988
229 505.85971302848156
245 658.5064435374019
235 509.1103675797618
273 540.8158047678297
249 666.8682204817844
227 496.74803656003576
438 20.311448157833368
137 850.1312195059435
352 101.8078217554962
340 39.90296144939134
468 -130.75353387058718
261 728.8664304255
376 26.387130425415123
205 575.722438343485
346 -31.97966191963461
262 688.3588426480654
221 523.1145538833769
110 664.2047311387976
235 539.3687103801544
223 498.0960251604192
221 506.6964036725245
444 -18.80886132036636
231 488.0660132787087
231 490.81785854790604
348 59.436637943486375
122 759.9885612958819
235 484.2045454869041
366 -28.357936328022845
345 9.38326569118506
108 698.4073102706336
222 551.1911320197955
225 495.0255237600883
426 -22.185600731093402
576 -72.00736644792019
201 549.5095919855498
202 517.2507430281732
339 -0.3820968201380168
359 86.82612723663027
598 -200.68852946360283
126 831.3511441358227
346 37.723152914157225
215 504.42526900945586
344 43.30378278918579
210 518.0708946328323
393 -196.20297011051082
510 -249.69868580449028
195 526.0006180925237
1001 -666.070707659935
103 687.6730433440388
351 29.028450952078572
215 562.0169686307408
346 34.166949843869816
196 524.0512501817668
131 856.03292151777
226 612.529694279488
345 70.6013832813833
208 529.1973404526409
203 524.7684366876755
376 -104.75634212618999
104 664.5357579958397
110 650.3508932534953
343 9.712917923123669
203 524.6324687664783
133 838.6350960000805
224 577.4202255445266
342 24.672467471883905
347 32.20166455039339
364 -83.21138747313648
221 500.8880851807158
359 -72.9763087462776
391 261.9190153758089
114 758.9810122430919
225 493.9459023826611
208 513.4393965529559
342 16.27457022733148
109 681.9441839066006
118 762.9804966947801
98 642.3441630384423
423 -166.6420943122653
222 528.2935428280801
566 -173.6476295659211
384 -28.7787955696339
374 142.6088889918474
530 -276.5590225265793
468 -360.38294582550736
345 -25.805960352432066
202 518.411608363328
104 708.4389595394196
113 674.1298086967422
227 544.1710995130686
368 51.81099255579102
408 28.07845694531602
347 -13.919104100862043
103 665.949872516179
104 661.250310758626
235 490.31278074032406
437 -3.7070792878677423
228 491.24770556426915
107 681.1929729292284
225 497.29993624420104
230 517.383985125791
230 552.4302089752734
240 537.3238557942906
217 525.5555353247865
226 495.424888169306
374 -16.115880707046145
363 4.932885164035156
225 500.81235400429523
206 523.1918144960396
116 756.743752701605
253 633.4031100241024
569 -303.43682733744924
121 736.3721430682796
367 107.5217883235762
360 -111.35087790152548
110 684.6037762972444
379 97.61247586946669
243 735.4281585315551
398 -18.644651451758307
347 7.709306839295934
116 784.4857710810808
214 505.96853181975314
224 532.8356283812598
217 510.4060727757253
218 502.2781827653872
217 594.7389384771408
130 821.0938012556352
342 19.960833052949738
233 555.5002575076335
108 647.7615906481885
341 -79.48102515597559
340 5.709966266473671
220 524.4168828279655
355 117.22757270475199
206 519.5424859391344
375 129.85758847704065
116 708.1334021900464
121 750.4923541192982
365 115.59398603873728
128 853.3971913205152
385 57.075544239126714
202 524.1282535640705
365 129.78019943580875
122 791.3402241099482
347 -63.5465478589248
451 -380.7923680148633
198 531.3314754645845
104 689.6195257182068
346 -8.393429179614373
343 -30.521973715537186
102 642.4491317155253
105 658.2082558475107
96 653.7249606071548
106 642.3298990355262
104 691.4534809043887
340 15.590900001018781
346 -5.52632136257651
341 46.69597087935918
108 715.2605845347621
346 46.70663736221462
226 525.286146080972
348 97.3495422852586
349 7.248982208266057
347 10.993924685355367
97 649.1160310752483
344 33.95284789237189
98 636.7933657456759
385 234.7548284381536
206 512.3513675654686
368 219.201324757748
545 -212.7304171399026
100 633.7151053825586
340 -20.931917188318693
194 525.7085291566505
387 -186.80051026978902
341 9.112204389276286
98 641.771267110547
344 -1.0206898639144413
345 12.510484830297884
102 669.1919311507993
342 32.19070257437966
478 -347.51416555926113
374 157.29380498575995
440 -380.73575140871884
419 -223.6118676902259
341 42.57643052358466
391 207.55623786466884
233 688.7794870891221
347 20.17009843104077
353 54.694309410535794
346 81.67048966848961
349 13.588760501066417
366 165.84374192955028
342 26.741848020624673
102 629.6146411472765
107 718.3783613414856
97 648.9674156491183
105 704.4582698163367
374 -90.94914430119404
224 627.0122739630363
404 -376.64446887084625
97 629.6209062667979
356 80.08371126115793
249 699.614749488072
102 629.0691222960554
405 -270.6631557674591
341 -74.79591902868972
190 534.3376726505935
343 62.311681678610654
404 -354.4748422881112
219 559.6198671604061
107 722.7958715113157
103 627.6713927192077
346 -49.32814866242449
352 30.583823040255794
348 74.92995786249648
353 18.56928084040169
102 647.7624608896749
348 95.67256146961768
341 3.8319464324828374
212 595.5376233236163
219 556.4663196650667
346 85.0372553582605
194 529.0995785156931
340 2.693305414750199
345 -89.85085341058566
206 522.4618178778251
339 -3.5555639161997874
230 549.4318689742427
373 -82.53512815582965
211 510.5880888939381
132 747.9947189228085
251 564.3338273918321
390 111.20057297148739
213 560.9629498479115
135 803.8160782256268
366 3.323974768866762
233 510.4669882778393
227 528.1844731792319
222 497.24826753908167
215 507.205418555737
371 101.19051602082973
515 -249.95849166169216
345 -12.068598942624789
268 697.7876285537835
226 496.9990191013311
252 639.3578781421121
229 495.4415773229687
226 570.2268415665387
244 513.9403275532677
238 481.6074744472186
451 -184.7403016630821
241 477.89163948272795
248 586.7038512036254
384 -45.456389951354446
240 585.4065781112502
351 -31.19135626654976
380 -19.324439931410737
340 -45.76232250401356
586 -251.45630549300165
279 607.0660339073315
355 -43.65292409706203
236 511.15497147162256
230 527.4804757284446
258 473.2598687174093
253 469.4821316526812
224 525.1733729758287
244 609.226971075399
237 500.49664856006405
230 544.5653585087268
371 15.344194717673474
227 688.2081830926096
344 -22.387297858661043
245 597.7255720951266
110 691.0029481220234
230 523.8776933657402
214 577.4894512308671
216 551.1590425101183
341 -51.49209102602302
211 554.7679524035811
233 728.3141603459512
217 558.4810861077984
358 96.34318651361556
206 515.351159963877
387 190.62206032928293
454 -404.6364354373482
207 511.6141341531698
557 -492.0045439566783
347 -49.30454244020124
345 14.71652542012201
107 653.2899029910595
204 563.255097504954
385 199.31699646614072
202 520.9812411935609
342 -62.13316210474688
347 -101.86297145879874
349 37.81968842421608
359 61.828994075232515
402 203.0943134964046
358 -79.22098408833105
342 -74.56967542344545
122 806.9971379424879
343 -51.34534995315809
357 -4.778512763815044
366 8.422371340930042
340 -128.32617646082525
352 20.847960504793832
346 -44.73134790093497
347 -21.154842429067074
372 -7.515560628865117
375 -36.920860895633666
341 11.919605493892561
393 206.2727356701057
362 -108.2537060689755
215 607.6654431724527
205 534.6936547275534
369 -103.15340563500521
270 707.7074007922131
243 626.1495230191314
342 -55.53691176239379
358 98.99935641116727
346 -58.61675058193824
343 110.27161421248115
363 -127.9986390590199
236 659.578828098186
222 505.3828692112244
250 561.7593581460324
104 676.1208369099136
344 -9.314349406391074
233 486.1631522841022
374 73.61013587708334
350 -25.207696657590503
247 600.7698190673775
216 581.2531115262174
223 573.9837866944349
116 733.8121868406606
230 603.8871737357597
197 525.1882139432794
364 20.750553029971258
226 627.1621401939565
361 44.67568790034116
114 693.1841305886418
375 7.740220555861512
246 735.2201615906529
218 545.3080748116827
220 500.0406175800279
356 52.7291244149572
221 497.97660553305593
198 521.5370765720945
348 12.050025597254063
346 -10.622952131009399
127 772.8402751398311
357 -70.14270660630439
345 48.93858077563874
226 494.0067381209325
117 791.126780284776
412 -70.63479262236143
114 754.4422011694477
344 -26.675059958458377
344 1.3680699519066053
348 44.03199888007106
125 776.7235159599912
103 645.3341675196681
352 27.856627359435635
228 599.0310108121027
560 -269.8744799765161
202 588.8996443396904
359 36.921836316262215
344 48.61675865943312
229 568.0856125967808
546 -91.95330150549779
400 -50.07942246575028
209 519.7610658225742
341 -57.66137174652492
214 550.2317521094185
612 -282.16559807532076
106 659.0581851923284
233 511.7842062769071
120 711.7660157581977
237 484.07538110761146
227 496.71411523546175
453 104.19041003010534
258 714.308411351692
349 30.893652405947478
346 -28.67896193783629
372 128.73346057555534
202 518.1890639904519
215 505.7694959580475
221 524.150827045764
345 41.344909578006764
253 704.3110273640829
214 558.324001117543
340 19.01100513424879
126 818.3963808917889
220 507.8774122786818
346 -73.45312697332906
219 502.1956458604931
108 671.3237886952634
341 21.82044784881444
340 -81.9895543997938
221 500.42071501604863
211 546.9465738550539
500 -265.6864073149069
348 -12.946120872341396
196 542.1842480004758
188 534.3899879755938
211 509.10902027526714
605 -722.4707932335963
227 651.904337956981
343 -43.43510848033685
382 142.04749720443237
113 667.485168790999
349 19.989560085586845
341 49.0972617375115
206 518.4869070350497
382 123.68764332530475
348 -51.10760758432149
102 686.4404694695774
210 625.7578805831683
516 -344.1828680208345
231 573.195858167096
393 236.915209200496
374 -52.4509409544893
226 558.5129430251842
342 176.18360315992982
364 17.836126964450813
220 533.6264333319816
234 574.5114950897678
237 498.7807184720801
222 536.5606755914696
340 31.245580612479586
215 547.639152701988
233 727.5065864904961
218 589.2162921540335
226 514.5087762229458
352 -47.34238176654932
354 -50.199570420071026
342 17.1136864035047
506 -259.1010161300107
221 543.6708713970571
223 585.0043619197506
253 733.924264545645
274 696.6664965127104
231 575.395525139015
218 515.6529690108994
340 12.338884870569416
242 669.7717734149471
245 622.7357383838068
355 79.21001633761205
372 37.472834298690714
381 21.71892000921821
621 -552.2946495582219
231 679.0553763392431
223 614.7273964189463
375 -56.21649219385184
130 798.983221595312
341 -27.82459143209445
119 786.9771420630059
342 17.82177455473574
206 563.1869184126156
1001 -668.3258591954747
132 859.7552704927874
199 522.095607594956
109 713.7051820562513
226 585.5228835896964
342 -19.047279193834044
127 750.5760273452415
340 69.3400913252033
209 510.7452458791928
344 31.220227616896437
343 45.55644929623682
386 151.66803295473528
349 56.773593678998566
357 43.112416913787825
370 177.5783476875793
111 743.245405576422
395 -99.01071960834416
437 -252.37447662446283
213 520.9313570551021
200 539.8373137683791
366 157.31959665019951
231 490.4573255711285
378 -77.18891935705298
206 542.4567798971437
341 22.189301292008764
341 -0.5087909236397365
107 639.9132487554617
203 518.1378620763455
343 53.74489535982383
205 525.5927071551292
116 694.4014047138355
225 571.8212468546747
109 647.8655370857085
339 -24.17179357020278
239 520.7501754814123
202 543.4392669220437
398 274.1654141885173
248 692.6269287946594
379 162.62190373665265
208 556.0798524156646
205 575.3157541422213
239 586.1209562467302
220 499.24865113348966
215 530.0804109626231
226 614.9904991494666
353 83.08667840110701
221 648.6213150935375
112 644.5727127902696
142 833.3343653171473
209 527.5205084924396
231 504.12463540351075
349 4.569971623768609
228 515.8541634855299
219 529.9511556977367
350 20.00664167186963
352 0.6079876565892874
129 773.406375619938
235 488.34480177616956
209 564.7895298668878
343 76.97339638002813
236 498.8578678895145
345 83.98176761716721
384 149.7891462082504
253 665.77278754652
259 728.7801674899456
340 52.9030133813381
239 661.4280414102477
216 506.1453827040803
206 522.6817020035548
265 563.988975165099
226 602.3965843922726
232 587.2391895389175
257 695.4977624696136
216 582.3637216462014
342 86.38589937653265
366 60.69272667746907
251 602.342979614397
218 502.5521483204328
355 59.54900446689544
234 675.0628649832128
240 628.3947517946788
401 48.61611356089173
225 622.638385593502
214 539.385466214216
266 632.101963981084
230 496.62791859771494
223 615.7545133522286
236 606.1705227091486
448 -151.8676274589262
206 515.3514291141996
214 506.5783130441436
224 688.9100684892568
349 26.17724505110462
216 526.1023686605538
136 853.3777114780476
223 585.3005580884314
228 533.1552187158019
380 -54.61626177673098
384 57.797941549122925
434 -92.39371034598152
111 618.5190742518232
215 541.7507848247137
356 100.1448476120936
503 -59.00765632954484
386 -4.495548731774633
177 545.1982649146222
124 822.3714238687744
102 635.6449629312907
403 96.40468959899738
371 -148.39527868028148
213 592.4248046730634
348 19.67098198030388
526 42.396674944064756
381 160.0765255901669
346 101.7031839746528
352 130.59338764938371
365 228.37164604049104
343 87.07326106787224
102 633.0978418607206
380 -11.412465828934074
201 559.7297868152707
388 241.52072550099444
343 62.16527445460247
206 513.8737775124729
209 510.7996393210991
343 -8.406727209426862
345 -4.947715328633393
348 -23.262262483877976
358 81.26185022086486
129 850.4301091810127
119 794.9077085314796
361 148.63822705762212
215 523.9131763005905
446 -57.71878306620655
429 -88.95312873165271
213 537.5895441206618
237 599.000732412577
439 -165.75563802419327
343 -39.60053464008514
351 -14.605616950757465
357 -8.099784886409466
114 702.8271071274168
266 634.0418370749675
276 497.2924336036743
458 228.88818390922552
240 524.2848550537337
120 781.4416775900096
231 488.02604230318826
274 572.0428356986104
389 399.0086980116391
434 543.2119642160727
260 715.286552081609
118 717.9441750711391
344 -15.588237596703266
353 92.27721583938938
246 473.5557513496932
258 599.9678342171653
114 715.979827101802
342 -46.03500411083829
345 -19.15150763692074
350 65.17745260506209
227 545.9499140914928
230 496.63942728528923
344 -61.63136940743374
354 27.879668282920292
388 213.72956735701513
225 514.2350356839413
361 65.68797003813222
224 501.82870873478635
379 119.36267813106858
110 751.5938879393402
221 501.5293531795571
380 85.25443993259802
348 -13.98578770114267
354 73.3982583287405
106 707.3996437301776
100 653.3716307895229
215 521.5068192645813
341 21.57984447376066
215 591.1837386926752
238 710.0323179009281
101 632.6479774514147
115 692.1242819981594
384 -49.95681384860716
382 65.23901351285792
343 -12.136895449099526
103 687.9304609286557
343 95.1046422261314
220 504.1360394511792
226 528.7701502980908
106 652.820138612164
351 55.754849735782244
123 700.5735920162452
202 556.477521218264
113 667.965619829632
257 677.913734825073
225 495.5501810306613
489 -51.000555707389836
225 497.79755626787767
120 712.8680230685815
359 132.67111664161627
131 859.802724341493
342 34.07549361084989
358 155.41935472113448
352 2.27827255092501
200 537.6612700531542
232 490.6192060819265
403 -16.150677937362104
378 116.38268533641471
466 3.2462678580443765
235 718.1679528849655
219 586.2893901688158
371 -29.731650230549732
553 -124.64417049993403
244 616.3994713108847
361 65.13563064502208
219 502.0988951273874
227 496.1296475877911
348 40.94001904873028
208 512.1497496074163
224 501.6883506792803
231 490.739063791938
205 520.7262159191373
229 580.9773685182827
473 -321.739336088846
226 510.5409390999119
227 541.8794581487957
232 486.8414921670297
262 612.3561896550561
218 528.7403784414009
223 506.82312513571054
235 485.7751542040326
235 527.3917007864686
359 -33.58132139104465
216 563.6707227577364
129 785.060668021318
221 601.2859871504047
228 518.4950240566081
204 532.9115938831619
218 532.5980917592797
214 519.3567764323145
246 626.3399106117524
394 -75.65553029830392
235 573.8297028665331
360 21.27440545799658
245 735.178019349595
356 20.68652881881917
211 514.9854452823121
260 719.7951432019574
255 610.1863880821772
236 666.1431025445614
226 545.5842763900777
228 492.7478523507812
220 548.5863826928547
233 604.6350463771084
349 93.32841033332079
261 708.9773462713714
270 670.9412350822518
222 553.4204379414264
226 571.6524940769422
364 67.68943563739398
220 513.5010718836298
205 633.9758613784943
227 492.80209543750607
228 524.0176158115007
208 513.4047883772732
244 618.5259096311386
209 512.1727007336901
231 491.064189631148
342 140.80015646293808
230 658.6822540107968
362 7.369859209002854
342 72.89896801619457
233 493.00017460883475
385 -18.96045702538973
353 49.01006798431328
248 566.7352674520532
244 478.0275927129005
340 23.796164426246875
244 478.464121239242
343 9.590979013990108
343 109.49585065015773
359 -12.393705999980199
264 506.2361903377972
349 -37.308389847976805
344 -42.644793872635816
353 92.88232018958078
256 514.1494068496027
389 210.0528130146721
367 -48.78215705832245
235 488.17686686255246
260 700.8784242759092
357 -2.173603644691113
229 518.046657590943
343 131.5937615076914
220 506.5637009785348
206 534.234233252074
228 495.89816135006663
225 493.61342244968955
128 773.1772937735379
222 545.0580549215433
668 -537.072422754361
349 45.882603353720356
224 496.28788205411865
217 528.309410361255
132 864.53000260926
444 218.82382852608634
101 686.0404019761082
232 662.6160847005958
227 655.5078516955193
361 -59.759853009866184
350 -4.128878248324625
345 73.10231620635258
354 -16.56101010893579
360 -54.2410008631639
352 96.20653368237234
228 543.2910239089439
340 25.706596217525174
428 -237.04232129055865
219 619.7939307811545
430 -140.17007916097407
207 534.7117331031247
353 37.83698854898242
366 -43.1503941301735
222 500.66867355995487
362 146.27017710241515
231 503.5299977418031
370 175.28840213188153
108 644.9062434164484
125 767.4194849095327
349 51.4147588452756
265 615.462611791114
222 526.0566473208294
601 -440.7692191129124
231 502.7486586592237
241 517.2451074101091
233 646.5035561608158
210 523.2720408608785
240 624.4293716558942
245 634.7828272040721
226 572.6022364302735
367 94.61298832515442
222 529.2664570129988
349 84.12534338634893
220 504.0172411442705
206 552.3063851952097
217 655.4704791430772
361 41.33532750576413
220 518.2440708973157
234 497.43494507677275
120 716.6606161611348
575 -177.02053103917962
234 521.5704147154913
208 511.44798488272676
240 696.1670587274907
233 561.663406438402
224 496.79646969668875
235 538.385896199881
235 492.8057728965085
294 662.1215318942118
241 556.5487813657496
258 727.3264720959324
230 629.6530750494065
233 499.29487393630706
233 488.00719168343807
228 492.9032207519711
414 230.67299586615758
344 34.05118969206447
390 76.32916477017687
244 640.5483599331391
219 523.6065015427391
236 485.7347118278155
225 571.0706958416434
344 102.50507423714083
230 489.03048394904835
125 785.1782202131141
255 684.0366029604461
228 539.7639466416725
344 28.6257767277734
349 118.27592759648891
242 534.9409688116285
282 700.5374421916327
222 536.7516998021788
246 735.9133005098283
266 656.3490317798457
229 516.2816008347006
131 736.2801769459411
347 88.31085867845161
230 556.1816245160157
354 55.58651264793363
215 542.3726463117346
237 741.157271728611
204 610.1017307956979
354 42.85910451087068
236 625.6056181986129
431 -11.63270038891514
213 626.8635212612497
217 500.417889710858
204 519.751784380886
231 716.1483632134733
200 529.2534091167938
203 516.9964244561802
195 584.1317946483728
1001 -637.7928387199712
192 538.1635922127114
347 132.58001639181282
209 659.0552272184844
195 584.5248503332941
191 528.9094074976747
341 68.02082934710972
184 642.6143680790652
187 570.564733154959
186 599.5488034072025
199 575.8777818573103
135 780.0290976416803
202 623.5902777242047
205 549.5164298172742
208 516.3498771464133
353 154.78263534008215
342 40.33849323875435
192 557.1488778280218
368 -64.00512782941098
440 -186.62004559705184
195 526.2360799884411
195 525.5152604124825
125 827.7404499858274
200 519.0254726685862
356 205.57795742472302
195 669.118237597094
344 95.25849279641136
522 -423.82760848202724
449 -225.4373679308751
363 84.90412337648038
102 643.2696174968826
348 -59.6829392094719
381 -196.64753019766212
359 -187.51343621796613
414 -229.58382166473763
195 525.0372965513416
362 239.8348885013478
111 736.1320841950466
200 614.9677170703112
193 533.6073256464592
171 598.7800141187062
210 700.5913479420942
227 709.4238338253226
205 515.5235429374785
346 186.81551901171872
197 522.3574771061633
424 -190.0256342014314
214 653.1345708116334
177 561.360878237282
445 -111.45573028369125
186 563.9521017113051
116 750.4025894708615
114 703.7033830464243
125 830.4877921014786
361 -208.2436506723251
180 543.0407900638683
195 542.4030206637974
490 82.6462200836103
215 719.7837519101439
115 730.1384691598845
193 531.5780764341579
210 512.8273956754349
183 574.3216462182286
347 164.53847207002843
210 562.2762014475197
221 707.5136578158005
381 -141.78655538470414
343 72.78404190776305
188 541.2162678518341
201 518.8185753997893
342 164.84376463408057
119 781.3840457719401
348 129.908456683125
112 715.3320595258904
197 524.1961280603202
199 603.4990116441429
196 610.5037214205413
205 622.6454853057346
111 660.6375036883106
187 584.6212028677198
347 178.00726115583137
190 533.1768491772556
215 510.26114314404214
786 -453.9227127141153
203 518.5009943436403
345 186.84458704837135
200 545.7020975335975
216 547.280422715853
363 92.32540453674142
200 605.2158706263252
242 683.2874823409825
347 149.86521250250382
197 523.1452019629728
236 664.0437571874382
206 516.5779344929314
203 545.8894929932965
203 522.3839418661873
350 165.37107189426575
216 616.2861088823447
346 111.58376158825257
455 -201.82289913971834
108 724.3202243919764
197 551.8267929348943
211 599.9259561667951
112 696.4407906014784
197 524.2102150767682
191 547.5057028290644
207 647.6159750405512
200 548.3712508044241
217 605.9802476627717
200 605.9972306623465
232 645.9357734329011
589 -450.6948073503971
383 121.15270566758133
1001 -544.896802578899
265 559.763129755928
211 528.3291748858217
226 495.26884346211483
210 512.8844199586323
540 -144.2403376341827
198 523.8820346374823
216 592.8330348997318
231 651.9298346046791
347 143.71622671617024
349 68.95691202913252
379 64.3432610498997
231 607.3804608483052
206 515.4180031546605
210 512.5933459412952
201 609.9157267297935
200 643.3320887787744
209 509.3847091808686
210 542.2746355591677
240 732.6227885521989
210 539.9626296157373
208 519.8015086449544
202 594.3391770638427
210 532.7961059148104
456 -140.1062867566461
214 505.4446683899232
198 626.4567860442229
194 584.2308543774435
142 843.5785283935845
444 -11.635370745623959
446 -168.31437817328447
344 42.85835577083628
342 175.22706972145443
359 44.18649301493687
214 506.4682765702625
433 -118.25423165365136
110 675.1055111144476
516 -141.5899986363093
349 215.48980203531949
552 -356.40642403296926
181 579.7967788478982
374 -58.899123743450346
348 73.75230802637779
551 -238.86260027350812
196 527.730251945389
362 197.29319744594932
194 525.783079741992
202 518.7970860706764
195 589.5191256595539
195 536.5368381016538
207 666.4067732621291
180 552.0578699139353
115 763.6237010007447
191 605.2619371165525
362 246.05873114221527
192 530.8567180829618
349 -5.591937047873699
116 786.7261022081739
203 649.6827260806708
652 -548.351326375298
109 694.480763082067
182 537.3927875248703
367 43.75297180305165
378 -158.65316958460735
195 525.6559019166242
223 688.8254503284999
204 572.8133212231231
211 512.9878110111391
242 563.6477529155729
210 544.9945499769048
202 532.2542733014607
218 519.3861839244267
342 165.88607942963972
358 134.18085452772434
207 531.0125659396195
120 709.316247175696
359 62.08730968396847
188 571.8842785150628
228 666.7279760711072
239 726.3074843372765
125 809.1855001685008
489 -145.41100738614463
220 524.918106312166
234 729.6501625325988
450 -225.06038451690137
358 111.07173972963685
222 693.5450307493808
409 -176.83431456652954
198 535.708555162374
191 534.9767003585252
386 119.02050517810571
100 632.0879006154879
112 744.097283227129
342 70.96245153467135
348 6.416702718112532
237 725.8342140425538
179 543.6206102510282
204 516.3747455252873
100 674.4431191700619
341 131.2537312447493
553 -84.5309829733297
175 551.837202081583
340 149.9182369455144
105 708.7588550647852
104 673.0048207299428
104 695.176873424872
242 693.3995102798779
234 754.7262850994168
186 537.6288050298249
217 704.2393948079289
360 273.6543513703353
200 518.0573615182996
114 767.4623232567379
197 528.6626566761149
350 65.9419288033038
391 -126.46437767119139
353 114.65289928730044
344 116.37321517137477
356 63.23185593021569
103 705.0809084478417
185 536.242774334562
344 158.73628487918688
194 574.174996141634
389 -126.40079038994179
200 607.9005932710122
419 31.57636484281028
360 -7.275721299728929
177 560.9691149470921
184 535.5801849690531
346 134.8070210426003
349 78.58898096859616
101 647.0627366198423
366 7.453460235928077
196 546.7042590905405
104 698.4366997348939
106 721.5188055291811
350 255.50410935958246
376 343.41074463263243
202 569.7392490895555
349 62.34748590774072
353 358.3626520671737
345 204.1161784048582
198 532.7471399012527
351 358.785901794243
202 531.1796312435833
457 -120.52449301747976
228 760.209328499739
225 567.1254202747946
213 510.3209180465715
219 579.4351501956644
266 656.036108689094
199 582.1331739250938
219 502.66542476532675
349 104.72975687088945
345 220.653574318479
226 714.0961869940661
226 642.2379404760676
215 751.016364955376
344 457.1792879515183
215 678.4781991760605
365 286.8212413041089
478 -145.77574790424043
109 695.3413906208044
348 221.33927979982298
413 -21.825670805510796
349 104.1156161201896
396 -36.68558223041611
401 -138.88889290437567
185 560.9452600174488
185 538.6910799334411
199 522.6430581219817
362 365.3593554433915
123 746.4658543305902
209 666.4389864669636
216 524.5313812219752
201 657.891545810333
104 711.8025383208164
643 -266.4186988453326
399 -161.2215845453299
208 514.5384455516369
231 733.7752352435846
187 587.3320508769239
192 549.3370454159549
192 528.3113884571114
200 527.5436259038694
385 -83.29655244821484
342 151.84685907949125
206 533.4315434362039
112 670.6195407722507
344 99.270545197952
205 710.8579125468543
196 592.3417612763458
370 566.3655069633652
213 507.69640581583946
218 541.8882046796084
417 -200.8757637898263
196 527.120907233339
183 569.7792309756285
207 563.5064837365242
346 140.18537069021875
192 531.5370410989731
206 518.7898187352789
208 629.6457795267675
219 728.6570460301422
200 614.8740880729957
214 651.9705518220311
142 829.6253446115228
195 527.6907038843119
204 635.8998282827033
202 517.4434827352268
191 623.9120755478344
199 568.1940805804056
346 251.6311865664539
125 725.7840136004406
368 -7.955686487562474
202 626.2929665382993
203 589.5527651204857
229 544.3873181290153
218 680.9044878412794
201 577.2542116719039
213 650.7554267100207
199 524.2560931608502
201 517.9340393524203
225 630.3967714367775
135 759.6388919679449
126 809.1575385828329
188 534.3844360757448
201 550.7613446005452
220 550.4214011979784
219 701.8398687915096
221 672.6289233149182
194 527.4469624611465
181 541.7933531223189
202 518.0515151454981
368 -11.733235347956537
202 711.0779205842142
196 524.1813271932025
1001 -1224.0371660808235
342 75.14724707091122
217 695.44873860334
492 -501.120056787341
216 714.0535073666526
370 -154.19926531834375
370 6.820311726318948
343 -66.53511551725049
102 697.0203697608483
477 101.01799986187137
341 55.78623169397011
185 632.6223920598396
439 -139.26284048013838
471 -465.8934906618719
455 -248.55569958355366
99 632.6854161354785
354 -31.96926817611093
345 238.1203344771385
355 59.170163102663764
341 153.33620878207077
358 198.52008387053354
180 566.4551555310193
388 -124.54761719801849
344 145.19896916552182
101 690.213483692053
461 -164.470618096901
372 191.57509548442079
370 -79.24550700745445
107 727.0709333266709
114 757.8721297392316
187 534.6691983848685
240 628.523534975516
349 149.67388506437075
105 711.5476820548924
343 228.60022086462266
208 659.1470815125253
205 567.3988894402421
401 -106.0259934093677
189 536.2556651635502
187 568.9951614136562
242 698.5067039249369
186 543.8725110359703
412 -110.0076121322378
201 556.4656791224293
198 523.6437814336559
217 712.0345858894848
212 526.2029542232547
206 528.0972577305736
226 692.2885632194638
341 199.44574639914958
209 511.9985303324702
212 509.34032103170637
210 524.2085747776978
214 561.8342523239339
201 529.6086303725667
233 611.5465326031508
399 460.7603987904905
204 515.8143765805837
218 519.60027696704
196 529.9164841613609
209 525.602949093585
230 680.0168305585693
838 -588.1145159591686
238 615.229089119299
395 -91.40988365737707
211 524.6643043602442
253 679.7366332977005
231 632.2676419470818
218 622.6156723965256
206 515.1511640502131
206 518.734774483589
212 509.2885316121885
223 502.16374227605405
248 685.9021423584697
207 513.5489884504063
249 599.2906730485324
635 -474.48889086945337
216 503.6390666080932
229 526.2985009217825
256 640.3771885415757
250 668.4577521367776
1001 -632.4185612739684
220 506.065363739087
210 603.7358159377081
231 489.35519274117183
344 134.28267973026203
229 576.2204333944455
273 681.521293423444
261 672.457073281344
221 522.9529907344056
223 510.9240790325195
222 560.7933367261717
216 528.965104109072
223 554.1364754424965
238 613.5106799686332
273 630.8867530303834
205 519.489246493727
250 703.9665406323409
229 491.4285542847859
216 527.444611828866
222 509.12194538426195
225 608.3483355274052
254 646.7362880232118
237 482.5840777574785
252 653.9477263917216
362 358.0834379396521
221 535.1999115511005
214 506.0793951408792
539 -280.82506523673976
231 607.9847948782733
222 636.7908939895256
238 656.4985971961394
216 504.9981975469731
231 610.8592554182385
213 556.9052756349547
214 508.5781872974512
239 627.0365481582108
392 143.53221663043752
362 138.75265307968388
206 517.4501498826182
213 542.4572091621076
221 502.17532931896875
213 532.8410311523356
204 550.457916753549
212 509.58622001049207
272 705.3331762833185
211 576.6180876303936
202 531.1889967354193
248 670.5982319449677
396 -106.65966709346803
251 629.8047751237822
231 626.6071289984906
206 543.6734494375128
248 740.7368642172898
215 507.4719745992811
267 723.2151938314772
207 516.8248738099519
254 709.9762701548715
211 526.3886967389656
341 125.86684661803622
237 522.0849377631091
238 677.2514554923204
226 547.9799807100657
338 382.43508123280964
214 556.6145415200907
240 561.866764176007
541 125.26289388130226
249 597.5487695166676
217 502.8726791463219
234 568.174314861334
340 43.51275106195709
236 499.5857373190462
248 578.6209185176106
233 491.0079405824825
245 584.7388879459613
240 477.3688267507662
232 525.7367279884521
256 673.6985729400759
300 679.7845351496018
237 585.777030649321
224 504.65793314210123
219 511.320678187793
256 614.8387837091532
463 -135.354199645108
230 590.4437693427441
239 559.8540222281265
240 557.4652876245136
252 532.1595372462549
227 499.9942877594046
309 662.6507776123227
222 504.4055028655479
222 499.62853827057216
248 636.1013539711925
236 576.2794935875875
223 498.48464061139697
439 -133.3267425283985
261 638.1252207969083
204 554.6707095807416
229 597.1195892287117
234 551.2262540981249
226 567.7848746802555
214 532.6033495086853
212 589.7950288820896
218 585.0537519049396
237 522.3040129368911
255 650.6990525150588
214 608.1489010079874
218 534.3571459165134
427 -105.14887625075883
232 598.2702439640884
237 618.0237715802454
234 600.9884725682944
214 541.0857971293742
267 666.8539087961888
216 508.8277910634387
226 657.9527523336517
232 703.0525964784023
259 646.656709437609
221 562.2109741127406
236 687.3107177725478
223 660.3675564725808
281 704.3850312950509
643 -484.11462949204366
218 502.87464511567003
267 669.0940805478061
216 506.17765434316135
211 589.353025357308
211 560.5401531236121
224 495.0071519608965
221 550.8363365450189
494 124.64921920918758
240 630.0505419173714
250 645.5424432902043
261 726.470569765548
268 695.5606346931438
217 527.6287413506398
215 574.9560674020643
209 514.9808999864581
216 509.9541522651451
210 541.3361030157737
221 502.6924324197572
219 503.1103242792939
260 653.743985396218
207 516.0048933401617
230 624.8693281117016
234 674.2093686663882
228 636.3859143132598
214 552.1489501711886
206 520.9159640009718
218 502.56535349914026
366 439.72165585997834
454 -52.198382561337695
193 533.1825492466123
206 598.4061304341108
212 510.5621805428944
208 596.3565359874609
199 520.3877147423943
210 523.6219289734217
213 593.5643390093082
206 555.7906605514054
198 525.6405457325247
209 554.4597217937255
248 702.1530532959952
205 516.2867565954487
201 594.8897137020355
198 648.4219430657192
205 551.6445335455991
215 667.8460307502642
223 671.7978318333828
195 531.4248732107519
230 643.8931937230205
206 572.9629524063379
193 533.7891835769695
199 530.7610781284792
211 543.6318020039873
245 734.5738319505244
358 19.687173488800042
180 541.887155414094
232 688.7576253783767
232 741.1513591520528
225 707.0733676845571
114 665.3800595283984
385 -47.88756315766861
193 666.2280780200552
177 548.0222743509316
341 277.04019560764766
196 550.1848544346383
383 -104.20070057254618
132 795.1638503570498
177 542.0059277333116
192 657.4524205300285
191 617.5372877107486
452 -332.0474283511171
175 632.8274249607913
179 592.6129805689754
224 743.4502916446069
207 731.2802639045384
342 -22.45781778731606
194 535.0273742744175
610 -539.6143396348234
232 736.1150937785958
180 583.6295768501125
187 598.8632665774197
191 558.5600180261619
210 755.0020106769186
356 -68.98088654635751
347 123.59456730577085
181 548.6967716268488
226 758.2595975646582
342 293.9044733296772
346 97.9395575877964
196 707.5574910304036
190 538.5431332130004
186 536.3035973923663
204 610.6289704707326
197 532.5985594927174
190 532.2112201011331
190 640.7909017583273
240 727.1448980487218
207 544.8486459938907
362 -4.108575662386542
195 561.735499802209
238 677.1333449298226
216 639.6166868496291
207 521.2291417948236
199 611.9265569030787
191 553.308869125501
216 505.31924100635143
240 699.1696511628286
211 621.9882171643925
196 580.2792178905399
200 518.9041587713979
235 659.5849260139778
203 518.8202166490091
191 552.9922073664934
209 512.2685963163909
194 535.8253450199793
249 731.4859896596157
205 609.827757186339
176 562.5479035992605
196 525.0053911240045
198 522.8957950702539
197 630.0348710252063
189 597.2391315607331
199 523.5864370767013
204 663.7996599698381
194 527.4709468651645
104 653.4167281429773
193 529.101031697239
199 594.5417555323485
191 595.785861823287
372 -82.5900215271104
205 735.9490349090975
207 692.072879676701
488 -300.15582620288615
188 607.2589962980687
175 554.2782929251352
104 631.4833081159285
115 742.0483635898663
340 -87.75978535422452
341 73.7715364609216
177 566.3649611812182
385 34.08004031690402
168 576.3332996114045
409 83.36248798555789
631 -360.88717334615484
172 552.0460194079307
127 850.3450201241403
351 -55.39164474252895
364 101.02899213962496
177 552.4114683177688
468 -311.9207264548527
397 98.36192681436961
183 537.755512656777
166 570.9388136854578
182 544.3721648983242
184 562.3008115121535
110 729.4450363038528
120 704.7767578717556
127 689.2315974227806
341 97.15505377632616
194 717.9292030225827
547 -515.9503955963354
200 681.7473211579145
112 684.3978827811342
190 700.8743239518619
351 -119.02711641052038
164 586.2850033127452
187 546.4972812642787
206 726.4891088711723
174 596.7002936552726
384 -147.11495417802007
178 562.4508393931114
385 -153.29574411374267
201 657.6718927159415
177 629.9617022465201
106 682.8948203189394
377 -110.29921740073883
346 275.03641483033135
105 697.0712727603216
204 693.0443539765216
106 634.8759285611571
347 -114.09199695564996
206 714.9023986895037
355 214.14381681725348
206 779.4864440735829
393 51.78194275228259
360 -108.04948519664822
185 535.8033152669532
170 551.1115909034851
176 571.9585347265386
167 582.3962730190742
190 655.6289989041381
190 714.8380569893076
182 585.3157533065571
196 693.6725207822751
163 574.8533209709203
172 604.9298735961484
181 563.6552677448041
163 559.0073827623846
187 633.5823990388405
122 798.2695854966723
415 -188.59737530148104
171 549.6745043323365
174 545.2941729832555
170 572.6711228261524
344 107.80622298191366
108 675.5130654420575
104 652.7487229968173
159 564.0410840954603
375 79.48096445424088
155 566.9482596033738
163 588.4047318730402
158 562.7356390129546
345 -66.20941571236247
383 108.45913281792656
346 -13.754004533436557
191 733.9483745173701
131 858.720231860292
156 566.1144147854994
100 638.3132075432753
186 661.270091804892
129 841.6741106279018
346 -37.41605605514401
411 -217.88574163612844
181 611.2315842563974
162 558.4095373624345
107 658.5980609030742
165 560.2443599284743
110 657.7333272073233
375 33.91331540811197
172 564.8092269939921
340 100.50719692907816
340 60.31186221267913
174 550.6643922578282
125 792.9109826660808
198 783.4752290883372
464 -240.68898641151122
345 -67.13445500312068
109 706.7808645492413
158 576.8720333194269
160 563.6990298769215
341 -27.466791430080406
345 94.38204392786082
191 665.8887323919539
389 -177.79275467120743
190 739.8793933819995
580 -554.1844553385573
164 617.7581827477886
127 842.1845062173211
174 560.3329914671904
341 213.048601121971
220 774.0271146758267
354 -90.65517060936665
172 588.4847433725058
176 623.5422825202277
170 551.5744717624623
181 536.9277727275364
174 562.8551186844711
180 541.068721509625
173 577.3329390686924
136 834.6600084469325
209 564.9995259334798
166 554.6058521763821
397 -158.6609040510828
121 713.8243135789138
106 642.2098321275593
188 535.421666661013
340 208.2254983347101
131 819.1063552811822
344 202.13168772106133
167 551.8735910878611
186 535.430669971068
127 833.6265559913822
186 587.6398812285195
110 712.1372033778148
186 618.1490656268421
191 643.1933810633438
202 630.0042815081337
191 755.1498055690971
378 108.80941036607126
170 601.0362719166853
211 673.4109938324408
174 545.3574492410212
176 569.0217989386166
347 -29.06792336859941
345 -4.239615969568931
184 539.2297931467801
347 273.1389661239529
182 579.3852698262932
352 199.827320387006
206 681.1080870385186
358 -126.27621784097717
186 536.064620602178
214 626.1802296919226
180 597.7630890906537
187 575.7157910679705
189 591.8064882583014
194 546.9274767550428
200 532.2800863433794
189 583.8668100482646
182 544.150707956321
254 698.1197243584369
230 695.9060556219785
190 596.8500201389661
194 529.4981034655248
462 -7.178620819035075
187 556.5719259121348
186 566.382339168619
164 574.3889685420777
376 -126.74310890223833
184 537.5530305218479
340 254.23898919069796
179 541.430233426847
196 670.5688996506276
198 725.9644018880737
209 733.1353380337472
342 281.2464028130666
184 659.5002432165529
344 223.46138044875062
182 553.4136944678978
218 749.1528983464265
172 592.7302327210186
181 540.3027504640224
369 -19.62524797362306
221 751.234158236865
180 649.1295116045779
187 727.6626693036825
108 674.6204849458657
109 656.9776316771214
194 660.50886910205
172 618.82160662651
110 707.6774903632097
207 748.5524706854333
177 615.8463755031066
199 528.9046296672686
200 636.6414825655438
341 153.62798138191508
105 634.213987047659
176 566.2590149999737
185 550.7189544170149
119 756.838052659741
175 566.0027793402332
123 811.2958927734678
437 -127.4396593584625
432 141.1915624969611
173 546.6705451026507
171 600.062668066606
102 672.8353367540477
187 658.0814088150553
167 583.1759938056623
111 749.9620229752137
132 836.637062797072
389 -167.07689399020157
172 549.9076006621433
182 660.3121639621646
184 552.4772816478288
175 550.3913654535418
169 581.2824850118697
407 -44.34651058744203
360 -119.89679495637253
365 -104.0566416748181
134 782.974438343559
170 598.9292946876435
175 545.4685900082309
448 -337.9427900655428
192 654.6082462929155
212 758.7651922815134
356 -90.58482963778806
120 724.3263421182312
354 181.8247384846713
673 -743.1094662629723
196 656.6260155237983
372 -111.77673717786915
177 546.1515786328025
170 620.4899768472229
173 553.6549393559425
167 584.1081076871386
175 595.8179864016848
339 139.315262848369
462 -293.1264528912145
180 571.6560551002142
371 56.22344346103819
375 -128.0932596581259
100 670.8671502936265
343 -21.61396993941662
358 -55.98409976803806
378 9.589892506281672
340 297.71494794811605
183 611.6229444442856
115 661.8319647538643
118 788.181226640693
170 558.973057580444
174 564.1732501792158
376 -15.344390945833254
339 253.70964154834115
108 740.1505653324926
159 563.0316002573178
108 722.2489631621725
165 555.3919205623026
343 -6.767602645420368
420 93.89610037702204
163 558.0816807803817
100 636.89425611193
340 5.76445171136929
99 630.0117648141419
344 68.7941041406797
106 624.3052794826831
340 -43.89879454391665
167 554.3905432683214
348 86.16040382081133
359 73.56616726688091
340 -31.99816182531889
339 153.318960352303
356 429.79568284590584
368 45.238965624059375
342 49.57496847333124
350 47.35352393731074
352 49.200957845974244
356 -82.92998334776543
413 -172.5119919559383
420 -285.3796044321132
384 82.21179069729166
189 595.9650753525234
112 760.6591255733932
227 725.4426242309047
164 557.051577282955
440 -350.6880883440803
343 82.17365412803247
306 579.6553309848588
361 -115.32442845884663
344 119.545402197991
352 159.11413497446432
184 576.5169134681724
346 179.92381166911133
97 659.9720828641143
347 106.29570898064367
173 596.9683400728352
350 130.31890285317775
353 15.727837120993243
195 654.0108307277089
166 575.2423216695222
98 659.7580290010902
128 818.0180169791159
406 -147.9016004071605
103 645.4587837988867
187 532.1106571547805
365 131.1840069653268
187 581.8750236200781
207 609.3258109858806
379 169.3508622508058
186 559.6391094596452
204 517.0397160475344
485 -191.15525703226507
211 512.42089191668
197 523.914837822057
342 139.37480325924392
219 501.6786260721762
204 542.9870917808053
214 606.6195939420204
339 459.1987071185422
357 9.696430924562904
350 256.7640667128248
198 539.7726686193441
252 710.5315602867265
216 609.8929899184573
224 710.873047312954
327 434.2688058456286
307 403.62161334034414
200 596.702379493364
214 571.8456826054356
194 556.2819568129735
202 533.3144018736095
239 659.8129147359681
328 437.495824010635
240 726.6473024625612
218 506.3770508834305
249 706.014193993311
201 574.2251999235388
204 627.0900271582016
234 717.1596770519967
237 618.714374050708
204 523.6129569569814
267 667.5580178205266
233 677.6954999184612
244 710.6337683073224
252 733.1184774744744
230 628.1201640926394
477 -4.154515993483656
206 532.5423179666009
250 710.7494918946048
224 723.9246338193872
217 597.4880912135092
226 619.5878208290542
216 665.3076894213792
211 526.9103085084957
252 728.0221806135721
192 555.293862507056
211 587.8980889256218
230 695.941348933287
236 642.6536776412669
198 585.9683750920171
246 660.2099658519245
580 -170.17568177338117
260 712.0797339003435
205 527.2157283387056
220 599.6022042375068
204 583.8719604794572
249 662.6868231972935
200 597.0196561803484
343 289.84125727049735
220 625.5584689803228
208 568.4352843046529
217 551.0930998629567
204 518.476999855885
252 722.9553109472909
221 669.9021940901181
234 632.3243746110164
208 598.7229489356573
202 556.4215402921836
217 643.2086726025778
227 614.6000613272723
225 599.7912022477841
214 608.3312017189708
215 613.354542497925
203 614.5513656591361
203 520.0602525509768
256 655.9311106349031
1001 -548.1376901481498
234 650.9216348993169
210 575.63320574864
216 655.332406775933
201 578.8908170792714
207 610.3606324202691
194 598.1295268683036
204 570.8405454126432
228 636.8415116242567
204 516.1209458921651
466 96.55197250652634
214 609.5515380382255
185 564.0253032736191
179 565.3458673169647
236 626.7391199159658
194 529.5976463742865
243 711.2434589820826
243 746.0919777810501
203 652.6076975141871
362 -74.05668067639196
197 536.7352349005871
201 611.6945456900226
258 670.8910347091504
223 678.9931712130411
223 705.8071953023507
198 524.6196344741036
231 660.9847899015878
197 567.5686168341732
235 650.4734848328442
205 518.8608945644949
213 512.508432122773
200 539.6320859505804
202 551.5517015551543
212 645.2434884950678
219 502.5617448408982
245 717.4399312423311
213 638.4843255417131
193 554.5171329944671
218 517.4330283103825
218 598.5796146462296
208 563.1235956052319
207 528.4745772209055
280 653.9103120131491
345 111.32081410281737
264 681.3656477098605
220 560.0501681445307
215 575.3309954489541
206 516.2139733570772
266 653.2701420297207
199 522.1037177328194
233 586.2477920545477
207 553.3651097544475
208 526.8737817417116
206 516.9938978451096
221 603.3221042552477
222 583.7356584952925
536 449.1059721551199
374 288.53549577393807
213 528.2687886915282
222 502.3588126733266
232 535.7579825754975
266 615.3315113587159
238 497.6339335041249
247 595.6683636363525
225 512.0366208220219
285 656.6932914659324
469 -25.528668812583504
232 602.4098554676508
268 635.3830936544465
232 488.8470815548265
232 562.7609446755871
268 698.9089969649808
265 637.3785094339909
223 574.1448367003634
249 691.4583591280777
222 499.44008645274346
254 623.1984436300892
251 691.0835209353622
225 565.2479211103932
247 660.2072298112041
343 128.3848354531556
241 565.8159799788648
206 523.7562211062761
189 559.8545037261838
228 631.648907142511
210 509.8577329017158
246 698.8555178129346
215 602.4403891966635
206 552.205639095193
238 659.4445997727119
193 609.1573675031179
203 565.4194984208671
202 524.712209628557
394 307.92560813510005
175 566.3149396885772
216 641.1681045158739
195 559.2590125455566
204 553.9083097921082
214 646.0251988911652
226 627.0741742632065
229 708.7702502814747
220 628.4208155263875
214 685.6616657674111
189 543.2657136555101
203 560.5293301410857
239 710.3346437947154
200 519.5561257069518
196 543.9363882302403
191 568.900365197962
202 518.1617432350093
198 566.235846337008
206 542.6318311568646
235 680.7921784591921
203 586.6294792200761
205 517.8350182455351
195 609.8386395559949
215 646.6260747172117
211 620.1447476033267
200 550.7258548443633
205 665.1930699613417
212 529.9463415970911
205 670.1038474170798
202 538.6988302415057
205 606.1397763495825
203 529.1755602747565
210 690.8869800258059
237 606.0967147610729
202 530.0198188744059
340 60.64275379362658
206 534.4310900321725
234 692.2035321566265
216 504.4555484882345
216 540.1601908899484
243 714.7487253551091
217 509.5866782963103
238 667.4323683092318
203 524.5376122579618
226 623.2306068425899
229 575.7025050748005
273 670.7194345059133
356 304.58655011443807
249 680.5429755444244
231 717.5989981139503
204 603.8138040805118
201 595.8737781101959
201 540.336082691586
208 515.4938808826721
407 -23.193072104681065
230 699.6903188300317
195 525.071430858368
313 397.8084000879569
191 528.4226619794586
199 636.1547844456484
193 558.3454388734117
176 549.7631577198711
219 734.1997907455341
192 644.8382727011823
199 589.8704074517048
212 698.1946411238639
207 698.0767895607175
188 558.4227775360469
214 656.6065877850765
192 637.576062425734
194 604.1521053159772
212 731.2610911153541
192 599.0507544828715
183 539.2704064656035
217 702.26528005157
194 641.9569234982981
186 607.0920651908277
216 627.490658776686
186 619.5371396483238
193 530.0265311686182
213 725.8852536914043
410 6.966891100526269
106 669.1179947648159
182 539.2504304174904
134 858.8042029187384
181 553.1004417665342
173 557.6667978345382
177 594.6428642022786
166 577.9919980121791
101 672.0114317220899
380 -19.075137763336002
443 -246.65686596479662
176 553.1536039039449
104 634.9848541554483
370 -107.71418778321487
167 554.6682611635608
102 669.4459730039001
344 303.931789964723
346 -27.667203600409508
168 640.345409699025
344 213.6985228143546
174 561.5447336104179
368 -26.725650041116594
181 571.7536647081038
342 43.63657113988165
100 651.1480304020546
202 694.1424135368924
205 755.7618120063446
127 827.9700398582141
343 125.28370582513386
194 641.817437063619
169 555.1172231567369
188 625.9350219535303
124 813.9850572179599
182 682.2588401802302
110 724.1312173990566
167 567.983969431677
136 825.0228276572269
180 542.9377254170884
183 719.2104494579098
177 543.7006963781173
173 547.4391869264016
179 545.9339272765023
177 543.9342872219947
160 559.9609671762679
173 612.1833706282853
350 356.0676433574049
168 626.9386298454428
187 673.0619832221404
172 569.786417889793
189 697.8650292749907
184 567.2135033312838
193 560.2147377876611
182 605.0471720607784
192 674.3100280206113
567 -385.43281940828996
414 40.978244398839365
181 547.7897473097346
188 567.3488022426495
203 744.3926329043625
173 550.7603234185756
194 701.3562322619464
172 575.7034799242257
180 549.8895237442323
178 543.1404706022979
178 545.7148612872086
107 638.3695613349976
187 543.9325214398464
204 673.591878641324
355 117.74919107550744
105 670.0685391938244
176 564.0942445900955
180 673.3804178222781
182 594.8277601615741
161 572.6349411885946
215 628.9077885730914
174 549.6416448187564
175 544.7993456384238
168 566.6001895714535
356 31.34615896023365
181 665.5888788664955
180 540.019794332434
188 534.44515086534
175 675.1784824985078
255 673.8907665989573
204 518.091178899261
188 646.3373497200619
190 560.5047389535583
202 555.741458473831
210 641.0129455380248
192 537.2739774952308
219 702.2599182210353
220 710.339312680203
203 518.3146747440157
208 643.4200781768182
122 694.1474367512085
200 528.5356498255599
229 682.0131471313089
196 566.6417582779561
171 551.4184066082657
192 571.4129700752949
171 597.735206707102
185 539.3164819234016
430 -94.8492790208231
396 -108.1897116384097
180 619.6534049750766
163 581.7108466833007
342 -72.85346384706153
99 645.741925796452
163 645.2048045580195
361 55.395162798078644
170 645.8403783142866
172 561.7890055032087
174 546.7269522496085
160 563.1087346329273
173 655.7012223841871
353 -9.51179495281687
190 642.1055859796875
156 572.2675293672712
173 603.9370326493522
134 795.0592526299152
171 567.4582751589522
184 692.1410181257517
219 766.7934908052412
352 -33.66231781390971
163 561.9613079715093
178 545.5559279418632
209 756.394502833232
183 614.7186542932787
179 644.2384696095147
224 679.9406559184922
196 531.6906858672203
193 562.6596902339157
179 545.25133920861
195 693.2314239550632
194 646.5726347054225
185 546.8025827967642
189 533.7973058372586
184 544.5320700259391
200 732.3474786150183
231 736.9101291368743
194 652.7051616164136
189 538.9284445647231
194 662.1317577348974
179 612.4971235313446
184 535.2311083324336
166 552.4695324035051
174 620.7100647593671
212 716.5635275580543
206 717.935052380986
193 716.6928898330887
175 583.0822614588244
210 768.6303279488367
185 543.1671910958463
183 591.5524592947534
341 92.46157024961022
359 -17.74050323697348
198 523.3721449769794
201 659.4805961158703
203 762.4409880034375
345 104.00332663940645
206 732.0278689853038
186 537.1398351987323
384 10.13304300924699
193 712.2202124281678
210 676.4201657542555
187 591.0475012564449
192 607.5501518972055
183 573.751133230759
170 577.6634942800486
207 705.3710670726425
199 522.9497811297013
189 538.239202046602
191 530.3303289109759
202 706.0912515814753
202 657.7266949335033
178 543.1632127772318
192 561.6291542518982
206 721.6428779736433
187 535.0243021383214
188 598.7964284211089
190 552.0880053519049
209 561.7925579685524
216 674.3261685673302
193 638.6275576398114
200 759.4094896287629
177 565.8919199296917
174 552.4504393465254
172 563.3831126575826
359 -78.33927026177837
215 709.3092161380544
186 589.80901665441
126 736.8778109122449
395 26.18648481297464
172 548.0181758449717
193 675.2250231992775
172 550.4139896458303
132 720.6260269378446
165 565.4475713728381
194 696.4063570448523
178 544.1006211740328
207 747.4679635542592
196 731.4028864360228
173 594.4309103182718
164 558.8908265650102
181 548.0402473593592
145 834.7725266245385
171 551.253744852075
186 536.3162651132052
212 771.7687096195425
180 615.428653277874
177 567.50785609672
178 698.3194155469849
176 686.2174002184796
171 575.0034084162364
183 644.5314337263795
161 558.7444471728495
351 44.41298868924494
175 686.300261154495
345 188.53625470744117
171 550.6974740010318
162 574.0068484924574
112 694.5990999926723
166 560.9593234924944
179 543.2407964151014
176 646.3815687110077
108 661.3784370178939
165 595.1564829651414
343 140.0032063962915
168 573.4738012842826
167 556.1789245607979
163 575.7034216811924
342 0.8269392669415794
152 584.4900728780253
348 -43.01142951000128
170 553.3068024682555
194 704.6287706952216
192 776.2149322546717
345 13.432867363475879
197 726.020468055131
104 652.8822860356379
163 613.7586704915516
176 628.3569337245655
175 584.9077988066076
136 729.2173095106175
341 -84.92255861250041
175 547.0218799626892
194 701.2507778916655
1001 -455.4983406506846
170 550.672295876026
168 555.8616498392948
352 15.483898990169536
172 551.3156996315092
357 15.991547342677194
109 670.915091686756
175 573.3051004985111
161 570.5389575771259
353 -19.882217346064692
163 587.5091060385466
106 677.5552698928841
160 570.1891543946399
550 -516.2772748804095
168 628.4472410170433
166 562.2007351042837
168 553.767462628241
193 787.7631928645587
160 628.046377294458
390 -234.8914099490004
381 13.955115518646608
166 570.0089117915757
113 678.9935575872925
172 650.8111702476766
115 691.3876217793247
169 617.3813169447612
204 754.1299132496271
347 112.86723799100508
1001 -561.429955859567
157 565.0669995998794
173 567.4290202921585
164 564.0280058588503
213 726.3299498273473
164 557.3583661733804
343 -15.825730802329105
159 569.3199766424443
211 761.3466694238269
122 780.5647329845136
167 697.5983608119521
178 578.8479062556512
109 646.5267698219047
169 629.5254018958401
357 141.33599119407924
219 765.7675253010309
172 595.9347179525284
178 548.5911024008825
174 550.3004752140151
197 794.0195463158431
198 682.8961407164427
352 -29.974910762979135
172 554.3443985273999
173 556.0007174767248
126 758.5321843383952
177 551.1859953591927
188 764.6594348583171
174 556.2217998824257
183 698.1935516057678
205 777.3615175785493
181 603.025767700778
354 0.761123157803965
104 623.3495253651716
165 556.7352999345492
165 556.1915722510801
169 553.5083386556462
191 668.7546860647159
166 554.2232330235458
184 734.7036856225903
166 611.5935356997404
117 782.3433388378692
179 676.3361993072484
182 600.0316636094609
348 127.88642823940734
350 -3.274177726389368
341 17.992369936070148
182 697.8832702339774
186 759.2607238080504
151 588.4128380985027
357 72.05412203516616
199 744.7204218456545
185 664.6914190850515
128 805.8124376590506
340 29.69008259959955
103 637.9002441115632
112 721.5745162986153
103 624.554443790132
163 627.3487464140555
173 557.8456846010063
348 58.9057790607194
166 595.1867209571174
204 655.9884950849539
155 581.3000927000587
195 767.3529030925823
178 684.1302252374738
166 580.245645391286
108 662.8315381152245
166 607.7444727754421
183 719.3874137103505
162 568.0356567627362
106 657.6374846751979
350 44.35720960581003
189 702.6984231498964
360 -4.928522943114487
380 -200.07850896738412
149 594.7449291932106
120 731.6213517796112
157 568.2043877383447
129 842.1583276293393
359 189.73730754373912
457 7.238113093989142
97 659.6083320757893
350 93.28001666345591
340 -11.272469855592718
154 571.0180093958996
137 835.0648269763435
435 -203.0720069442724
357 -125.22741213259386
170 653.1211970665103
383 134.57396757976917
104 642.6562968355729
191 770.3741750594638
159 573.3170398426133
169 553.4307313209778
173 617.4769392741898
189 674.5743561290806
170 556.1824044597748
184 734.8251436020903
173 608.6122332577611
183 556.8364798827978
181 670.1789096406109
232 737.7662046130721
341 231.47211192589464
173 625.5124328264086
205 664.8962427396953
170 550.8930128634393
174 587.2011075767854
198 749.4109628965633
200 735.7343619449653
192 764.1697656234699
174 646.2035469587317
158 565.2030646830394
213 627.3319042044341
211 750.8010996573428
389 -186.74675611363563
345 59.930067107790364
212 740.1831063707408
165 592.393815448627
209 684.4307424366725
186 607.7339766324744
167 553.8240666477035
174 574.819507357329
168 561.0806040522803
172 550.7620101223832
340 114.00251017883778
191 644.5663492457138